Camera matrix: 
1.75289881e+03 0.00000000e+00 5.48204571e+02
0.00000000e+00 1.75114882e+03 9.57329860e+02
0.00000000e+00 0.00000000e+00 1.00000000e+00
distortion:
4.06432596e-02 -1.81478037e-01 -1.59435768e-03 1.78785960e-04 2.66227435e-01